mjd,mag,magerr
51818.43,21.406606674194336,0.13555951416492462
52171.42,21.20859146118164,0.11598844081163406
52171.49,21.377395629882812,0.13215050101280212
52173.39,21.351234436035156,0.14613613486289978
52224.37,21.15874481201172,0.10639814287424088
52225.34,21.083627700805664,0.1039389967918396
52234.33,21.194961547851562,0.14418265223503113
52261.29,21.236568450927734,0.1426834911108017
52283.16,21.156883239746094,0.1493569016456604
52287.17,21.150554656982422,0.1251470446586609
52288.17,21.585424423217773,0.15405058860778809
52522.48,21.537458419799805,0.1466444432735443
52551.45,21.653873443603516,0.13589534163475037
52558.48,21.68492889404297,0.12283255159854889
52578.35,21.656293869018555,0.1556037813425064
52585.31,21.416902542114258,0.09701444208621979
52585.37,21.29905891418457,0.10998280346393585
52908.44,21.377178192138672,0.1406877338886261
52910.45,21.495975494384766,0.13308002054691315
52912.42,21.353248596191406,0.1667175441980362
52934.37,21.543214797973633,0.16576939821243286
52935.38,21.387109756469727,0.10591988265514374
52936.37,21.4974422454834,0.13781870901584625
53270.43,21.88374137878418,0.20013223588466644
53272.48,21.91267204284668,0.2280944287776947
53286.45,21.30919647216797,0.1958412379026413
53288.41,21.713361740112305,0.19687595963478088
53294.46,21.545326232910156,0.1755703240633011
53296.41,21.44467544555664,0.16873037815093994
53298.46,21.702163696289062,0.19684624671936035
53312.36,22.05680274963379,0.463853120803833
53314.36,21.657066345214844,0.2144792228937149
53351.22,21.75881576538086,0.1822820007801056
53616.47,22.02122688293457,0.2923720180988312
53627.44,21.43222427368164,0.13343779742717743
53635.44,21.42005157470703,0.3007303774356842
53638.47,21.41443634033203,0.18507076799869537
53639.48,21.68555450439453,0.25644004344940186
53640.44,21.779817581176758,0.19666366279125214
53657.43,21.407108306884766,0.2049863487482071
53657.48,21.25680160522461,0.14848659932613373
53663.42,21.8155574798584,0.5557195544242859
53665.4,21.34990692138672,0.30954909324645996
53668.41,21.997039794921875,0.5517283082008362
53669.39,21.13399314880371,0.15754012763500214
53669.5,21.074800491333008,0.2110329419374466
53671.48,21.345197677612305,0.16794952750205994
53673.38,21.52572250366211,0.16649635136127472
53674.38,21.637060165405273,0.1787029504776001
53675.38,21.642786026000977,0.2168731838464737
53676.47,21.5087833404541,0.19649769365787506
53679.44,22.02857780456543,0.2875209450721741
53680.39,21.511226654052734,0.2291588932275772
53681.43,22.139001846313477,0.26981300115585327
53683.44,22.365684509277344,0.35092630982398987
53686.38,21.623485565185547,0.33180248737335205
53696.39,21.528892517089844,0.2590242624282837
53697.39,21.67186737060547,0.21347767114639282
53699.41,21.38460922241211,0.2197030484676361
53700.38,21.366294860839844,0.15132461488246918
53975.46,21.834339141845703,0.2051650434732437
53989.47,21.55461311340332,0.3657359182834625
53994.48,21.705766677856445,0.20258136093616486
53996.46,21.230342864990234,0.15783241391181946
54008.45,21.60727310180664,0.1842229962348938
54009.42,21.646778106689453,0.152235746383667
54011.48,21.61504364013672,0.14543816447257996
54012.41,21.296146392822266,0.14243215322494507
54020.45,22.151721954345703,0.4928135573863983
54025.48,21.721933364868164,0.37826552987098694
54029.49,21.493331909179688,0.24489787220954895
54030.44,21.316028594970703,0.10942932963371277
54031.4,21.496728897094727,0.1682310849428177
54035.49,21.882680892944336,0.2791160047054291
54036.4,21.548276901245117,0.20476609468460083
54037.39,21.796585083007812,0.1641911268234253
54039.4,21.614151000976562,0.17504562437534332
54040.41,21.70978355407715,0.14736708998680115
54041.37,21.46596908569336,0.24130089581012726
54041.44,21.6832332611084,0.15544937551021576
54048.42,21.739715576171875,0.4560648202896118
54049.43,20.926496505737305,0.26179203391075134
54050.39,21.837045669555664,0.3567647933959961
54052.4,21.166179656982422,0.22305744886398315
54053.41,21.494495391845703,0.27660465240478516
54055.41,21.438180923461914,0.2424560934305191
54056.4,21.39345359802246,0.1673084795475006
54058.39,21.50663185119629,0.2873005270957947
54059.39,21.579010009765625,0.1834069788455963
54060.41,21.458709716796875,0.19679930806159973
54061.4,21.623985290527344,0.2759493589401245
54062.4,21.512622833251953,0.1432214081287384
54065.39,21.413028717041016,0.25037074089050293
54068.38,21.694040298461914,0.217166006565094
54357.44,21.46489715576172,0.13102947175502777
54376.48,21.24747085571289,0.14719897508621216
54381.49,21.510290145874023,0.1953364908695221
54382.47,21.6722354888916,0.17205403745174408
54385.48,21.268232345581055,0.12546107172966003
54386.48,21.256900787353516,0.14426210522651672
54387.48,21.097002029418945,0.12819378077983856
54391.48,21.26566505432129,0.24434725940227509
54392.48,21.194171905517578,0.1624511182308197
54393.49,21.801942825317383,0.3211873769760132
54394.47,21.892711639404297,0.4747787117958069
54396.35,21.193363189697266,0.376359224319458
54396.49,21.846263885498047,0.39309412240982056
54402.48,20.932220458984375,0.31253573298454285
54404.45,21.993494033813477,0.723875880241394
54406.39,21.19495391845703,0.14293839037418365
54409.39,21.42679214477539,0.14134706556797028
54411.35,21.258464813232422,0.17131979763507843
54412.42,21.3698673248291,0.28316786885261536
54413.39,21.138275146484375,0.15029098093509674
54416.39,21.16736602783203,0.12419009953737259
54421.39,21.328887939453125,0.18233193457126617
54422.39,21.39936065673828,0.18970318138599396
54423.37,21.540489196777344,0.16826821863651276
54424.33,21.5046443939209,0.2414001226425171
