mjd,mag,magerr
51818.39,21.53603172302246,0.12470203638076782
51875.22,21.651681900024414,0.1461772620677948
52171.38,21.0975399017334,0.10634631663560867
52171.46,21.175670623779297,0.09838469326496124
52173.36,20.91712188720703,0.09707219898700714
52224.34,20.960643768310547,0.08793892711400986
52225.3,21.074064254760742,0.08165331184864044
52234.29,21.262577056884766,0.14491240680217743
52261.26,21.207447052001953,0.1142943724989891
52287.14,21.27078628540039,0.12631559371948242
52288.14,21.151636123657227,0.09234204143285751
52522.44,21.48674964904785,0.11806251853704453
52551.41,21.334993362426758,0.10755783319473267
52552.46,21.557289123535156,0.14327993988990784
52557.43,21.606618881225586,0.16547264158725739
52558.44,21.448871612548828,0.10556597262620926
52578.32,21.543970108032227,0.10981661081314087
52585.28,21.5477352142334,0.12470387667417526
52585.33,21.666128158569336,0.12163174152374268
52908.41,21.309925079345703,0.11357087641954422
52910.42,21.217090606689453,0.1269557923078537
52912.39,21.46166229248047,0.1451687216758728
52934.34,21.23192024230957,0.11270733177661896
52935.34,21.418663024902344,0.11729917675256729
52936.33,21.831829071044922,0.1613510400056839
52963.27,21.669586181640625,0.10810185223817825
53270.4,21.582904815673828,0.13663752377033234
53272.45,21.482046127319336,0.1799701303243637
53286.42,21.450037002563477,0.18618379533290863
53288.38,21.61573028564453,0.1534363180398941
53294.42,21.670881271362305,0.18541762232780457
53296.37,21.476980209350586,0.1651054173707962
53298.42,21.560184478759766,0.14700035750865936
53302.37,21.781024932861328,0.25157850980758667
53312.33,21.633207321166992,0.27463796734809875
53314.33,21.007478713989258,0.13903400301933289
53319.32,21.846776962280273,0.24503690004348755
53351.19,21.427631378173828,0.13837791979312897
53616.43,21.770206451416016,0.20937561988830566
53622.45,21.641714096069336,0.10362747311592102
53627.4,21.51643943786621,0.12120454758405685
53628.39,21.535289764404297,0.2154548466205597
53634.4,21.383106231689453,0.3059871196746826
53635.4,21.866130828857422,0.37408551573753357
53638.44,21.741884231567383,0.20301230251789093
53639.44,21.585918426513672,0.1908184438943863
53640.4,21.658628463745117,0.15313535928726196
53641.44,21.25103759765625,0.1554279625415802
53646.46,21.84502410888672,0.14399445056915283
53663.38,21.8057861328125,0.4658331274986267
53663.46,21.671852111816406,0.5643112659454346
53664.4,21.457002639770508,0.30427834391593933
53665.36,21.41376495361328,0.21249081194400787
53665.46,21.282865524291992,0.25795748829841614
53666.45,21.445995330810547,0.3168410062789917
53668.37,21.40032196044922,0.2464747577905655
53668.45,21.917943954467773,0.4488816261291504
53669.36,21.172319412231445,0.1448778659105301
53669.46,21.343366622924805,0.27529579401016235
53670.46,21.858625411987305,0.23472076654434204
53671.44,21.332427978515625,0.16269758343696594
53673.35,21.483293533325195,0.13513606786727905
53674.34,21.565189361572266,0.1571100652217865
53675.34,21.334453582763672,0.13570383191108704
53676.43,21.462175369262695,0.17615993320941925
53680.35,21.3162841796875,0.12987208366394043
53681.39,21.568605422973633,0.13780134916305542
53683.41,22.318246841430664,0.3049688935279846
53686.35,21.039644241333008,0.23539747297763824
53696.36,21.486448287963867,0.22337482869625092
53697.35,21.295490264892578,0.16706563532352448
53699.37,21.395198822021484,0.17334143817424774
53700.35,21.38129234313965,0.12484831362962723
53705.34,21.31722068786621,0.17297376692295074
53975.42,21.50567054748535,0.14154736697673798
53989.43,20.824264526367188,0.18180641531944275
53994.44,21.389270782470703,0.14518217742443085
53996.43,20.892681121826172,0.1681469827890396
53997.45,21.96875762939453,0.15512272715568542
54000.41,21.624704360961914,0.18685439229011536
54007.46,21.393428802490234,0.14107567071914673
54008.39,21.427078247070312,0.15362444519996643
54009.38,21.409576416015625,0.12140954285860062
54009.46,21.448135375976562,0.11191046983003616
54010.38,21.575180053710938,0.09997306764125824
54011.45,21.520715713500977,0.12280035018920898
54012.38,21.34613037109375,0.17700718343257904
54012.46,21.37617301940918,0.17365440726280212
54019.44,21.66227912902832,0.3675253391265869
54020.41,21.042831420898438,0.18778277933597565
54024.46,21.51863670349121,0.20568051934242249
54025.44,20.74755096435547,0.16296784579753876
54028.45,21.859777450561523,0.1779087483882904
54029.45,21.510251998901367,0.18586334586143494
54030.41,21.489465713500977,0.10667084157466888
54031.36,21.45833969116211,0.12544415891170502
54035.45,21.56438446044922,0.18936634063720703
54036.37,21.59166717529297,0.24885831773281097
54037.36,21.332632064819336,0.09939383715391159
54039.36,21.1295223236084,0.11170636862516403
54040.37,21.136259078979492,0.09835131466388702
54041.34,21.331623077392578,0.2326487898826599
54041.41,21.54753303527832,0.14450913667678833
54047.4,20.962995529174805,0.5207648873329163
54048.39,20.792024612426758,0.2519121766090393
54049.4,21.70273780822754,0.4340295195579529
54050.36,21.475746154785156,0.3204273581504822
54052.36,21.09180450439453,0.23456519842147827
54053.38,21.1503963470459,0.14782366156578064
54055.37,21.347415924072266,0.17607291042804718
54056.36,21.03883934020996,0.10002750903367996
54058.36,20.90447235107422,0.14429228007793427
54059.36,21.459917068481445,0.15326529741287231
54060.38,21.107006072998047,0.16810478270053864
54061.37,20.972715377807617,0.15254241228103638
54062.36,21.104869842529297,0.09967907518148422
54065.36,21.41536521911621,0.25685936212539673
54068.34,21.461040496826172,0.18691757321357727
54346.44,20.54749870300293,0.11719179153442383
54348.44,20.860820770263672,0.1131354570388794
54357.4,20.82233238220215,0.0698520764708519
54362.45,20.776086807250977,0.07656889408826828
54365.43,21.007478713989258,0.09282804280519485
54376.45,20.875947952270508,0.10472674667835236
54381.45,20.817480087280273,0.08969256281852722
54382.43,20.962738037109375,0.11092712730169296
54385.45,21.003026962280273,0.09377343952655792
54386.44,20.830583572387695,0.0941743403673172
54387.45,20.97586441040039,0.13671262562274933
54391.45,20.95421600341797,0.16021724045276642
54392.44,21.125743865966797,0.12857501208782196
54393.45,20.804019927978516,0.12025877088308334
54394.43,20.741220474243164,0.12700016796588898
54396.31,21.01108741760254,0.4667143225669861
54396.45,20.533367156982422,0.1310472935438156
54402.44,20.880149841308594,0.3327784538269043
54403.36,20.926349639892578,0.17269034683704376
54406.35,20.921213150024414,0.11238928884267807
54409.36,21.033262252807617,0.09422300010919571
54411.31,21.02928924560547,0.08577772974967957
54412.38,20.885377883911133,0.15709450840950012
54413.35,20.661733627319336,0.12952399253845215
54415.37,20.902141571044922,0.08527763932943344
54416.35,21.0802001953125,0.09491027146577835
54417.36,20.826416015625,0.08023028075695038
54418.35,21.07048225402832,0.09850622713565826
54421.36,21.114046096801758,0.15810127556324005
54422.36,21.013662338256836,0.1332603394985199
54423.34,20.927841186523438,0.10384692251682281
54424.3,20.932287216186523,0.11882034689188004
54433.36,20.447572708129883,0.24899138510227203
