mjd,mag,magerr
51818.37,22.20797348022461,0.2537689208984375
51875.2,22.797012329101562,0.37965869903564453
52170.42,21.792390823364258,0.19722850620746613
52173.34,22.520544052124023,0.4226135015487671
52224.32,22.24810218811035,0.26451537013053894
52225.28,21.82407569885254,0.15172454714775085
52234.27,21.883047103881836,0.23279017210006714
52261.24,22.202287673950195,0.26069730520248413
52287.12,21.923952102661133,0.20706477761268616
52288.12,22.090341567993164,0.21576979756355286
52522.42,21.771543502807617,0.16378329694271088
52551.39,21.792579650878906,0.16942840814590454
52557.41,21.983152389526367,0.24112798273563385
52558.42,21.67401885986328,0.15412461757659912
52576.25,22.174922943115234,0.2343405783176422
52578.29,21.85926628112793,0.19195303320884705
52585.26,21.925418853759766,0.1661384105682373
52908.38,22.266014099121094,0.28848907351493835
52910.39,22.235227584838867,0.289980947971344
52912.36,22.46380615234375,0.3565099537372589
52934.32,22.56278419494629,0.4394764304161072
52935.32,22.137914657592773,0.24014444649219513
52936.31,22.397111892700195,0.27156567573547363
52963.24,21.92417335510254,0.1348332315683365
53270.38,21.897903442382812,0.22356335818767548
53272.43,21.838346481323242,0.21188734471797943
53286.39,22.42724609375,0.4241461157798767
53288.35,21.957857131958008,0.20475105941295624
53298.4,22.267919540405273,0.32769617438316345
53302.35,22.424823760986328,0.5777497887611389
53314.3,22.694250106811523,0.635866105556488
53622.42,21.972074508666992,0.16669462621212006
53628.37,22.569711685180664,0.785178542137146
53634.37,22.486345291137695,0.9968385100364685
53635.38,22.01543617248535,0.479920357465744
53638.41,21.745779037475586,0.21007852256298065
53639.42,21.888763427734375,0.26511451601982117
53640.38,22.77566146850586,0.44673311710357666
53641.42,22.80775260925293,0.6252372860908508
53655.35,22.39752197265625,0.29128608107566833
53668.35,21.45818328857422,0.23473519086837769
53668.43,22.59243392944336,0.9166873097419739
53669.44,21.82953643798828,0.49772408604621887
53671.42,22.232666015625,0.38853177428245544
53673.32,22.624752044677734,0.4140430688858032
53674.32,22.234886169433594,0.32309332489967346
53675.32,22.31268310546875,0.32700690627098083
53676.41,22.03984832763672,0.3843414783477783
53677.34,22.279735565185547,0.2870353162288666
53679.38,21.85748863220215,0.25926703214645386
53680.33,21.97018814086914,0.26707860827445984
53681.37,22.645103454589844,0.3514438271522522
53683.39,22.19416618347168,0.35677018761634827
53697.33,22.151338577270508,0.31373268365859985
53699.35,22.19436264038086,0.3788650333881378
53704.31,22.237773895263672,0.4046779274940491
53975.4,22.31733512878418,0.26273584365844727
53989.41,21.948326110839844,0.6190104484558105
53993.41,22.217199325561523,0.4680328965187073
53994.42,22.315261840820312,0.23819470405578613
53995.45,21.576677322387695,0.2336849421262741
54000.38,21.95432472229004,0.3787625730037689
54007.43,21.76340675354004,0.1980941891670227
54008.36,22.100099563598633,0.28751546144485474
54009.36,22.479124069213867,0.37854236364364624
54010.36,22.400775909423828,0.21784360706806183
54011.42,22.209630966186523,0.22658783197402954
54012.35,21.78097915649414,0.3813188970088959
54012.43,22.47968864440918,0.37068992853164673
54020.36,21.687715530395508,0.30940285325050354
54024.44,22.568052291870117,0.44111311435699463
54028.43,22.002140045166016,0.5440148711204529
54029.43,22.655088424682617,0.49825459718704224
54030.38,22.4068603515625,0.23845314979553223
54031.34,22.621566772460938,0.42197564244270325
54035.43,22.70013999938965,0.6364744901657104
54036.34,22.535837173461914,0.4992874562740326
54037.33,22.545665740966797,0.29498639702796936
54039.34,22.860105514526367,0.6056059002876282
54040.35,22.405691146850586,0.4082580506801605
54041.31,22.3178768157959,0.6495658755302429
54049.37,21.7678165435791,0.45783892273902893
54052.34,22.045347213745117,0.5565747618675232
54055.35,22.4054012298584,0.40063557028770447
54056.34,21.386014938354492,0.18437357246875763
54058.33,22.671445846557617,0.6838603019714355
54059.33,22.55358123779297,0.5484941005706787
54060.36,22.566728591918945,0.9148721694946289
54062.34,21.91683006286621,0.2234381139278412
54068.32,21.643997192382812,0.35578179359436035
54346.42,22.20905876159668,0.6283231377601624
54348.42,22.640281677246094,0.6723776459693909
54355.43,22.33411979675293,0.3151834011077881
54357.38,22.507261276245117,0.3045504093170166
54365.41,22.187049865722656,0.24015308916568756
54376.42,22.26334571838379,0.3330242335796356
54381.43,21.887128829956055,0.24809175729751587
54382.41,21.593612670898438,0.2006532847881317
54384.43,22.26754379272461,0.3430476486682892
54385.42,21.7238712310791,0.1665516346693039
54386.42,22.181396484375,0.3092414140701294
54387.43,21.565715789794922,0.29448115825653076
54392.42,22.065425872802734,0.423296719789505
54393.43,22.840919494628906,0.7940544486045837
54394.41,22.009109497070312,0.3789486587047577
54396.43,22.272964477539062,0.5916427969932556
54405.39,22.228519439697266,0.6712275743484497
54406.33,22.074710845947266,0.32339856028556824
54411.29,21.918739318847656,0.17044541239738464
54412.36,21.56383514404297,0.2469254583120346
54413.33,22.171072006225586,0.3808394968509674
54416.33,21.592538833618164,0.16783976554870605
54421.34,22.374052047729492,0.48457780480384827
54423.31,22.217374801635742,0.46898773312568665
54424.27,21.898681640625,0.42725804448127747
