mjd,mag,magerr
51818.37,20.322914123535156,0.049125075340270996
52170.42,20.531383514404297,0.058391764760017395
52173.33,20.58624839782715,0.06897953897714615
52224.31,20.46876335144043,0.05535954236984253
52225.28,20.585586547851562,0.05795668810606003
52261.23,20.524690628051758,0.06552112102508545
52287.11,20.58770751953125,0.06063380092382431
52288.11,20.52781867980957,0.06692596524953842
52522.42,20.589479446411133,0.06169518083333969
52551.39,20.609716415405273,0.059305280447006226
52557.41,20.492229461669922,0.06362345814704895
52558.42,20.628992080688477,0.057628605514764786
52576.25,20.650959014892578,0.06478230655193329
52578.29,20.665090560913086,0.06721267104148865
52585.25,20.613161087036133,0.06024135276675224
52910.39,20.480838775634766,0.06792526692152023
52912.36,20.392656326293945,0.05755272135138512
52935.32,20.477365493774414,0.07319016754627228
52936.31,20.48319435119629,0.06445076316595078
52963.24,20.572038650512695,0.048207107931375504
53286.39,20.507795333862305,0.07029612362384796
53288.35,20.422548294067383,0.051932305097579956
53296.35,20.549680709838867,0.07384606450796127
53302.35,20.52692222595215,0.09408605843782425
53351.16,20.52476692199707,0.0641535073518753
53622.42,20.56563949584961,0.06042478606104851
53634.37,20.665231704711914,0.18870525062084198
53635.38,20.770549774169922,0.1241803765296936
53637.37,20.641000747680664,0.14093482494354248
53638.41,20.69740104675293,0.0812225490808487
53640.38,20.715845108032227,0.07858183234930038
53641.42,20.58284568786621,0.07243028283119202
53646.44,20.956762313842773,0.09749644249677658
53655.35,20.799556732177734,0.07935912162065506
53663.36,20.509315490722656,0.18221086263656616
53664.37,20.72513771057129,0.16158777475357056
53665.34,20.535367965698242,0.1251550018787384
53666.43,20.682199478149414,0.14077068865299225
53668.35,20.514060974121094,0.0992947667837143
53668.43,20.740861892700195,0.18357518315315247
53669.44,20.464521408081055,0.12819881737232208
53671.42,20.797237396240234,0.10841178148984909
53673.32,20.627107620239258,0.061837613582611084
53674.32,20.731962203979492,0.09646540135145187
53676.41,20.62787437438965,0.1544123739004135
53677.34,20.606966018676758,0.06053897738456726
53679.38,20.65146827697754,0.09356337785720825
53680.33,20.622854232788086,0.06622803211212158
53681.37,21.051193237304688,0.09908349812030792
53683.38,20.75788116455078,0.08218134939670563
53697.33,20.592805862426758,0.0917583554983139
53698.32,20.676469802856445,0.118033267557621
53975.4,20.674896240234375,0.07507748901844025
53994.42,20.599119186401367,0.06978777050971985
53996.4,19.99163246154785,0.06045713648200035
54007.43,20.46588134765625,0.06305356323719025
54008.36,20.6110897064209,0.07903935760259628
54010.36,20.587642669677734,0.05448991060256958
54011.42,20.609201431274414,0.05586787313222885
54012.35,20.76906967163086,0.13279996812343597
54020.36,20.465274810791016,0.11171518266201019
54024.44,20.778207778930664,0.09198719263076782
54025.42,19.967166900634766,0.08671454340219498
54028.43,20.52043914794922,0.08875616639852524
54029.43,20.618953704833984,0.0747813880443573
54030.38,20.751585006713867,0.06274500489234924
54031.34,20.51834487915039,0.06134111061692238
54035.43,20.829883575439453,0.12930212914943695
54036.34,20.476322174072266,0.07403501123189926
54037.33,20.541851043701172,0.05929325893521309
54039.34,20.630155563354492,0.07039113342761993
54040.35,20.60523223876953,0.09238480031490326
54041.31,20.6406307220459,0.13300316035747528
54047.38,21.17710304260254,0.6795702576637268
54048.33,20.55701446533203,0.1093270406126976
54049.37,20.41547966003418,0.1285768449306488
54052.34,20.603986740112305,0.12385132908821106
54055.35,20.754501342773438,0.08596424758434296
54058.33,20.432559967041016,0.07521972805261612
54059.33,20.439395904541016,0.08618887513875961
54060.36,20.844640731811523,0.17004519701004028
54061.34,20.470945358276367,0.1459604650735855
54062.34,20.651952743530273,0.08157780766487122
54065.33,20.861923217773438,0.151877760887146
54068.32,20.679176330566406,0.13149160146713257
54346.41,20.417539596557617,0.11430326849222183
54348.42,20.4522762298584,0.09132228791713715
54357.38,20.435300827026367,0.06373429298400879
54362.43,20.442466735839844,0.0551726408302784
54365.41,20.488117218017578,0.055344462394714355
54376.42,20.57537269592285,0.08421158790588379
54381.43,20.625560760498047,0.06131156533956528
54382.41,20.408058166503906,0.07380133867263794
54384.43,20.36814308166504,0.0638294517993927
54385.42,20.380807876586914,0.06219452992081642
54386.42,20.35643768310547,0.06071978807449341
54387.42,20.701862335205078,0.12073718756437302
54391.42,20.43892478942871,0.13802750408649445
54392.42,20.261398315429688,0.0637383982539177
54394.41,20.505441665649414,0.10242843627929688
54402.42,20.462556838989258,0.21446789801120758
54403.34,20.298288345336914,0.3006405830383301
54404.39,20.14223289489746,0.13579948246479034
54405.39,20.239971160888672,0.084466852247715
54406.33,20.310144424438477,0.05623215064406395
54411.29,20.383121490478516,0.062171369791030884
54412.36,20.358667373657227,0.061111435294151306
54413.33,20.273944854736328,0.07727483659982681
54415.34,20.49237823486328,0.05595123767852783
54416.33,20.266773223876953,0.05266110226511955
54417.33,20.287246704101562,0.05898171290755272
54418.33,20.31096839904785,0.08440568298101425
54421.33,20.287338256835938,0.07303296774625778
54422.33,20.346694946289062,0.07577987015247345
54423.31,20.348974227905273,0.07552941888570786
54424.27,20.707422256469727,0.13514360785484314
54433.33,20.24237823486328,0.18004292249679565
