mjd,mag,magerr
51818.37,20.901519775390625,0.07562842220067978
51875.2,21.038793563842773,0.08727393299341202
52170.42,20.92088508605957,0.08292000740766525
52173.33,20.936092376708984,0.09537933021783829
52224.32,21.184005737304688,0.09585928171873093
52225.28,21.036251068115234,0.08815396577119827
52234.27,20.90662384033203,0.08960139751434326
52287.12,21.033571243286133,0.0949879065155983
52288.11,20.979358673095703,0.09876309335231781
52522.42,21.375394821166992,0.13019636273384094
52551.39,21.353212356567383,0.11715024709701538
52557.41,21.164905548095703,0.1136997863650322
52558.42,21.16280174255371,0.10207735747098923
52576.25,21.218242645263672,0.10774566978216171
52578.29,20.967809677124023,0.0960775688290596
52585.26,21.295692443847656,0.10067666321992874
52908.38,21.36866569519043,0.12573736906051636
52910.39,21.326099395751953,0.145100936293602
52934.31,21.388242721557617,0.13397087156772614
52935.32,21.563663482666016,0.15870018303394318
52936.31,21.444021224975586,0.1124878004193306
52963.24,21.170690536499023,0.0824778825044632
53270.37,21.517332077026367,0.14907746016979218
53272.42,21.338224411010742,0.1118573471903801
53286.39,21.09990692138672,0.1211978867650032
53288.35,21.367551803588867,0.11166244000196457
53298.4,21.532108306884766,0.1488339751958847
53302.35,21.920246124267578,0.31753748655319214
53312.3,20.978796005249023,0.20602640509605408
53314.3,21.297346115112305,0.15958257019519806
53351.16,21.489723205566406,0.14959374070167542
53622.42,21.10915756225586,0.08796011656522751
53628.37,21.354032516479492,0.241359680891037
53634.37,21.230897903442383,0.3302137553691864
53635.38,21.28891944885254,0.20565444231033325
53637.37,20.95229148864746,0.18283012509346008
53638.41,21.17155647277832,0.13402530550956726
53639.42,21.12094497680664,0.1147640198469162
53640.38,21.274436950683594,0.12216243892908096
53646.44,21.491191864013672,0.1824587732553482
53655.35,21.09124183654785,0.11302877217531204
53663.36,21.26618766784668,0.2592102289199829
53663.44,21.07418441772461,0.3542338013648987
53664.37,21.666088104248047,0.417831152677536
53665.34,21.185808181762695,0.24122145771980286
53665.44,20.85807228088379,0.18798638880252838
53666.43,21.087099075317383,0.2656024396419525
53668.35,20.971176147460938,0.14151813089847565
53668.43,20.993776321411133,0.24648712575435638
53669.44,20.739089965820312,0.1627100259065628
53671.42,21.17247772216797,0.16181853413581848
53673.32,21.267026901245117,0.11319322884082794
53674.32,20.926939010620117,0.140651673078537
53675.32,21.117319107055664,0.10294686257839203
53676.41,21.004806518554688,0.22221006453037262
53677.34,21.177892684936523,0.09522899985313416
53679.38,20.984888076782227,0.13914254307746887
53680.33,21.22848892211914,0.11769259721040726
53681.37,21.586444854736328,0.18155460059642792
53683.39,21.51611328125,0.17277193069458008
53687.27,21.277856826782227,0.35358476638793945
53697.33,21.01951789855957,0.13909827172756195
53698.33,21.38123321533203,0.21795012056827545
53699.35,21.313371658325195,0.15971076488494873
53704.31,21.338104248046875,0.16757194697856903
53975.4,21.491729736328125,0.1861426681280136
53989.41,21.448448181152344,0.2961403429508209
53993.41,21.135238647460938,0.17007863521575928
53994.42,21.334548950195312,0.14585408568382263
53995.45,20.962709426879883,0.12732024490833282
53996.4,20.739120483398438,0.1092207133769989
54000.38,21.312145233154297,0.17130714654922485
54007.43,21.42250633239746,0.15368136763572693
54008.36,21.268489837646484,0.1576244980096817
54009.36,21.289888381958008,0.10661505907773972
54010.36,21.482046127319336,0.12072116136550903
54011.42,21.288990020751953,0.09571332484483719
54012.35,21.59418296813965,0.27518540620803833
54012.43,21.449495315551758,0.1703137904405594
54020.36,21.577411651611328,0.2897762358188629
54024.44,22.07130241394043,0.3895813226699829
54025.42,20.893308639526367,0.18314814567565918
54028.43,21.137840270996094,0.19877301156520844
54029.43,21.075313568115234,0.13096748292446136
54030.38,21.243484497070312,0.12621651589870453
54031.34,21.268644332885742,0.12415696680545807
54035.43,21.267648696899414,0.23039361834526062
54036.34,21.342134475708008,0.1610804945230484
54037.33,21.472597122192383,0.12684860825538635
54039.34,21.16168212890625,0.12843294441699982
54040.35,21.382783889770508,0.18548746407032013
54041.31,21.381084442138672,0.24418626725673676
54048.34,20.85533905029297,0.16769833862781525
54049.37,20.831445693969727,0.21520574390888214
54052.34,21.632108688354492,0.36502328515052795
54053.35,21.598400115966797,0.19763070344924927
54055.35,21.107742309570312,0.14738978445529938
54056.34,21.378334045410156,0.20866654813289642
54058.33,21.194717407226562,0.17220136523246765
54059.33,21.613290786743164,0.27134546637535095
54060.36,21.656877517700195,0.40461087226867676
54061.34,21.033538818359375,0.2513108253479004
54062.34,21.28046417236328,0.16003930568695068
54068.32,21.509716033935547,0.43968069553375244
54348.42,21.520198822021484,0.25970718264579773
54357.38,21.33393096923828,0.1450987160205841
54362.43,20.9002742767334,0.10513628274202347
54376.42,21.07006072998047,0.12670928239822388
54381.43,20.92728614807129,0.09141267836093903
54382.41,20.913013458251953,0.12739865481853485
54384.43,20.94863510131836,0.11550237238407135
54385.42,20.963903427124023,0.12011220306158066
54386.42,21.16128921508789,0.11283706873655319
54387.43,20.93208885192871,0.1723584234714508
54391.43,21.44194984436035,0.3673847019672394
54392.42,21.10369300842285,0.15984413027763367
54393.43,20.83380126953125,0.14188458025455475
54394.41,21.153583526611328,0.20001322031021118
54396.29,21.440488815307617,0.6630935072898865
54396.43,21.51255226135254,0.36123332381248474
54402.42,21.6072998046875,0.5283229947090149
54403.34,21.105640411376953,0.33409765362739563
54404.4,20.577720642089844,0.5184293985366821
54406.33,21.13250160217285,0.1173599436879158
54411.29,20.969358444213867,0.08710259199142456
54412.36,20.82313346862793,0.1008223369717598
54413.33,21.003841400146484,0.16952623426914215
54415.34,21.367185592651367,0.1150474026799202
54416.33,21.12661361694336,0.10216855257749557
54417.33,21.256114959716797,0.12012849748134613
54418.33,21.039024353027344,0.16185262799263
54421.34,21.45938491821289,0.24777399003505707
54422.34,21.348770141601562,0.1853722482919693
54423.31,21.141130447387695,0.1625235229730606
54424.27,20.863975524902344,0.15220458805561066
54433.34,20.988889694213867,0.3387713134288788
