mjd,mag,magerr
51818.37,22.163801193237305,0.24822071194648743
51875.19,21.91120147705078,0.16682136058807373
52170.42,22.198684692382812,0.22897815704345703
52173.33,21.89093589782715,0.21760638058185577
52224.31,21.71525001525879,0.14031997323036194
52225.28,22.138242721557617,0.1944480985403061
52234.27,22.334848403930664,0.2753222584724426
52261.23,22.601335525512695,0.31148236989974976
52287.11,21.793535232543945,0.13819921016693115
52288.11,22.03236198425293,0.18671268224716187
52557.4,22.244401931762695,0.2616827189922333
52558.42,22.330989837646484,0.212336927652359
52576.25,21.64525604248047,0.13367490470409393
52578.29,21.957969665527344,0.18472376465797424
52585.25,21.77224349975586,0.1671704649925232
52908.38,21.717817306518555,0.156871497631073
52910.39,21.477121353149414,0.16004757583141327
52912.36,22.057649612426758,0.22827014327049255
52934.31,21.799793243408203,0.18018613755702972
52935.31,21.635547637939453,0.18508973717689514
52936.31,21.7691707611084,0.13724802434444427
52963.24,22.06305694580078,0.15400545299053192
53270.37,21.999475479125977,0.2065972536802292
53272.42,21.808853149414062,0.21340487897396088
53286.39,21.54949188232422,0.18183252215385437
53288.35,21.801393508911133,0.18382799625396729
53296.34,21.91659164428711,0.21547208726406097
53298.39,21.701282501220703,0.16232679784297943
53302.34,21.574138641357422,0.2518771290779114
53312.3,21.849838256835938,0.40419551730155945
53314.3,22.069808959960938,0.27544835209846497
53351.16,22.343936920166016,0.3198195993900299
53622.42,22.006797790527344,0.17432285845279694
53628.37,21.860939025878906,0.38028204441070557
53635.37,21.883018493652344,0.3247441351413727
53637.37,22.771774291992188,0.8035786151885986
53638.41,21.691057205200195,0.1780647188425064
53639.41,21.501766204833984,0.1550050675868988
53640.37,22.342012405395508,0.3678686320781708
53641.41,21.71941566467285,0.18601852655410767
53646.43,22.324050903320312,0.34092602133750916
53655.34,21.77788734436035,0.1727895885705948
53663.35,22.002670288085938,0.5000980496406555
53664.37,21.45410919189453,0.339282751083374
53665.33,21.503559112548828,0.2959366738796234
53666.42,21.689104080200195,0.3618963360786438
53668.34,21.48239517211914,0.21343038976192474
53668.42,21.782926559448242,0.47894006967544556
53669.43,21.701929092407227,0.348022997379303
53671.41,21.400123596191406,0.1589205414056778
53673.32,21.367542266845703,0.11264923959970474
53674.31,21.482986450195312,0.1887386590242386
53675.31,21.91378402709961,0.21494577825069427
53676.4,21.910369873046875,0.22924120724201202
53677.33,21.518657684326172,0.12092047184705734
53680.32,21.69046401977539,0.13380751013755798
53681.37,21.538860321044922,0.14668169617652893
53683.38,21.826377868652344,0.22922156751155853
53687.27,22.264495849609375,0.7590389251708984
53697.32,21.811325073242188,0.24193742871284485
53698.32,22.00174903869629,0.31106868386268616
53699.34,22.429916381835938,0.3677094876766205
53704.31,21.974138259887695,0.2375125288963318
53975.39,22.227529525756836,0.2796352505683899
53989.4,21.5317325592041,0.36403757333755493
53993.41,22.051612854003906,0.5765669941902161
53994.42,21.60346221923828,0.16075001657009125
53995.44,21.349849700927734,0.17546069622039795
54000.38,21.71807289123535,0.16976463794708252
54007.43,21.61935043334961,0.15811346471309662
54008.36,21.48029899597168,0.17836129665374756
54009.35,21.78339958190918,0.15097662806510925
54010.35,21.432008743286133,0.12080898880958557
54011.42,22.24518394470215,0.191162571310997
54020.35,22.23333740234375,0.4609493911266327
54024.43,22.165327072143555,0.2848125398159027
54025.42,21.150436401367188,0.21908928453922272
54028.42,21.730234146118164,0.2078387588262558
54029.43,22.04319953918457,0.3206077218055725
54030.35,21.85310935974121,0.16796278953552246
54030.38,22.083955764770508,0.18607008457183838
54031.33,21.8310546875,0.19639983773231506
54035.42,21.617151260375977,0.2153632491827011
54036.34,22.297435760498047,0.2846684455871582
54037.33,21.97523307800293,0.17831076681613922
54039.34,22.150592803955078,0.2598262131214142
54040.34,22.454832077026367,0.5089636445045471
54041.31,20.999454498291016,0.1686553955078125
54048.33,21.467430114746094,0.2250065803527832
54049.37,21.4681339263916,0.33838412165641785
54052.33,21.1369571685791,0.21121853590011597
54053.35,21.916183471679688,0.3011447489261627
54055.35,21.15084457397461,0.17275361716747284
54056.33,21.376649856567383,0.18726631999015808
54058.33,21.492612838745117,0.19877289235591888
54060.35,21.53352165222168,0.30557960271835327
54065.33,21.88780975341797,0.3521776497364044
54346.41,21.285621643066406,0.2475668489933014
54348.41,21.971099853515625,0.30339282751083374
54355.42,21.746408462524414,0.1466379314661026
54362.42,21.95193862915039,0.17370502650737762
54365.4,21.612680435180664,0.11694245040416718
54376.42,21.813093185424805,0.22997553646564484
54381.42,21.680538177490234,0.1479209065437317
54382.4,22.263423919677734,0.3319339454174042
54385.42,21.65001678466797,0.14936837553977966
54386.41,21.71934700012207,0.1712709665298462
54392.42,21.348770141601562,0.16907954216003418
54393.42,21.703325271606445,0.18356113135814667
54394.4,21.79110336303711,0.28528133034706116
54396.42,21.51412010192871,0.3356846570968628
54405.39,21.337644577026367,0.1807381957769394
54406.33,21.44835090637207,0.1493465155363083
54411.29,21.701099395751953,0.1546599268913269
54413.33,21.833703994750977,0.26088836789131165
54415.34,22.227842330932617,0.2501624524593353
54417.33,21.919836044311523,0.1836135983467102
54418.33,21.565853118896484,0.2104058712720871
54422.33,21.931764602661133,0.27914711833000183
54423.31,21.941118240356445,0.2805938720703125
54424.27,22.0651798248291,0.48174652457237244
54433.33,20.748985290527344,0.29157012701034546
